Space Dimensions, a x b.................: 1.000000e+00 x 1.000000e+00
Non-Zero Grid Points, M x N.............: 7 x 7
Diffusion Coefficient, D................: 1
Macroscopic Removal Cross Section, Sa...: 2
Source, q...............................:
[[ 0.000000e+00  0.000000e+00  0.000000e+00  0.000000e+00  0.000000e+00  0.000000e+00  0.000000e+00] 
 [ 0.000000e+00  0.000000e+00  0.000000e+00  0.000000e+00  0.000000e+00  0.000000e+00  0.000000e+00] 
 [ 0.000000e+00  0.000000e+00  5.000000e-01  5.000000e-01  5.000000e-01  0.000000e+00  0.000000e+00] 
 [ 0.000000e+00  0.000000e+00  5.000000e-01  1.000000e+00  5.000000e-01  0.000000e+00  0.000000e+00] 
 [ 0.000000e+00  0.000000e+00  5.000000e-01  5.000000e-01  5.000000e-01  0.000000e+00  0.000000e+00] 
 [ 0.000000e+00  0.000000e+00  0.000000e+00  0.000000e+00  0.000000e+00  0.000000e+00  0.000000e+00] 
 [ 0.000000e+00  0.000000e+00  0.000000e+00  0.000000e+00  0.000000e+00  0.000000e+00  0.000000e+00]]
================================================================================
                                    Results                                     
--------------------------------------------------------------------------------
Flux, phi<7 x 7, d>:
[[ 1.131809e-03  2.281302e-03  3.300628e-03  3.703100e-03  3.300628e-03  2.281302e-03  1.131809e-03] 
 [ 2.281302e-03  4.764060e-03  7.321257e-03  8.326864e-03  7.321257e-03  4.764060e-03  2.281302e-03] 
 [ 3.300628e-03  7.321257e-03  1.312226e-02  1.522206e-02  1.312226e-02  7.321257e-03  3.300628e-03] 
 [ 3.703100e-03  8.326864e-03  1.522206e-02  1.898003e-02  1.522206e-02  8.326864e-03  3.703100e-03] 
 [ 3.300628e-03  7.321257e-03  1.312226e-02  1.522206e-02  1.312226e-02  7.321257e-03  3.300628e-03] 
 [ 2.281302e-03  4.764060e-03  7.321257e-03  8.326864e-03  7.321257e-03  4.764060e-03  2.281302e-03] 
 [ 1.131809e-03  2.281302e-03  3.300628e-03  3.703100e-03  3.300628e-03  2.281302e-03  1.131809e-03]]
Max Abs Residual: 8.881784e-16
================================================================================

